# This puzzle is unsolvable
13
157 120  84   1   9   4 149  94   7  96 126  13  97
 47  90   8 137  50  52 146  51  11  12 132  93  61
 42  45 134 148   3  55 118 147 163  54  60  98  15
121  88  44  49  53  48  91  17   2  63  18  59  99
 87  73 119 125 165 123 124   6 164 145  10  14  72
152  80 122   5 131 129 110 135 167  56 127  19 100
 75 160 143 141 162  30  86 128 109 150 117  62  57
112  82  38  32  41 139 151 154  20 106  71 136  58
158  35  26 108 111 130 116  85  92 159  70  27  25
 40 140  78  46 104  81 138  74 142  24  21  66 105
113  89  69  83  37  64   0 114 166 156 153  95 133
 43  36 144 155 103  28  39  33  34 102 101  16  22
 31  79  77 115 168 161  65  76  29  23  68 107  67
